# id	left	top	right	bottom	texture_id
[SPRITES]
# gun machine 2
	# top - l
	5	38	36	69	60
	107	38	138	69	60
	209	38	240	69	60
	
	# top
	39	38	70	69	60
	141	38	172	69	60
	243	38	274	69	60

	# top - r
	73	38	104	69	60
	175	38	206	69	60
	277	38	238	69	60
	
	# left - t
	5	72	36	103	60
	107	72	138	103	60
	209	72	240	103	60
	
	# mid open
	39	72	70	103	60
	141	72	172	103	60
	243	72	274	103	60

	# right- t
	73	72	104	103	60
	175	72	206	103	60
	277	72	238	103	60

	# left
	5	106	36	137	60
	107	106	138	137	60
	209	106	240	137	60
	
	# mid close
	39	106	70	137	60
	141	106	172	137	60
	243	106	274	137	60

	# right
	73	106	104	137	60
	175	106	206	137	60
	277	106	238	137	60

	# left - d
	5	140	36	171	60
	107	140	138	171	60
	209	140	240	171	60
	
	# right - d
	73	140	104	171	60
	175	140	206	171	60
	277	140	238	171	60

	# down - l
	5	174	36	205	60
	107	174	138	205	60
	209	174	240	205	60
	
	# down
	39	174	70	205	60
	141	174	172	205	60
	243	174	274	205	60

	# down- r
	73	174	104	205	60
	175	174	206	205	60
	277	174	238	205	60

# gun machine 2

40001	74	224	105	239	60
40002	74	258	105	273	60
40003	74	292	105	307	60

40101	108	216	139	239	60
40102	108	250	139	273	60
40103	108	284	139	307	60
	
40201	141	208	172	239	60
40202	141	242	172	273	60
40203	141	276	172	307	60

40204	175	208	206	239	60
40205	175	242	206	273	60
40206	175	276	206	307	60


40207	209	208	240	239	60
40208	209	242	240	273	60
40209	209	276	240	307	60

# ani_id	sprite1_id	time1	sprite2_id	time2	...
[ANIMATIONS]
# gun machine 1
4001	40001	100	40002	100	40003	100
4002	40101	100	40102	100	40103	100
4003	40201	100	40202	100	40203	100
4004	40204	100	40205	100	40206	100
4005	40207	100	40208	100	40209	100