# id	left	top	right	bottom	texture_id
[SPRITES]
# 1
	#
	94	319	109	334	60
	
	#
	70	337	85	352	60
	94	337	109	352	60
	118	337	133	352	60
	
	#
	67	355	88	376	60
	91	355	112	376	60
	115	355	136	376	60

	#
	59	379	74	394	60
	77	379	92	394	60
	95	379	110	394	60
	113	379	128	394	60
	131	379	146	394	60

	#
	51	397	66	412	60
	69	397	84	412	60
	87	397	102	412	60
	105	397	120	412	60
	123	397	138	412	60
	141	397	156	412	60

	#
	80	415	95	430	60
	98	415	113	430	60
	116	415	132	430	60

	#
	80	433	95	448	60
	98	433	113	448	60
	116	433	132	448	60

	#
	80	451	95	466	60
	98	451	113	466	60
	116	451	132	466	60

# 2
	#
	203	319	218	334	60
	
	#
	179	337	194	352	60
	203	337	218	352	60
	227	337	242	352	60
	
	#
	176	355	197	376	60
	200	355	221	376	60
	224	355	245	376	60

	#
	168	379	183	394	60
	186	379	201	394	60
	204	379	219	394	60
	222	379	237	394	60
	240	379	255	394	60

	#
	160	397	175	412	60
	178	397	193	412	60
	196	397	211	412	60
	214	397	229	412	60
	232	397	247	412	60
	250	397	265	412	60

	#
	189	415	204	430	60
	207	415	222	430	60
	225	415	240	430	60

	#
	189	433	204	448	60
	207	433	222	448	60
	225	433	240	448	60

	#
	189	451	204	466	60
	207	451	222	466	60
	225	451	240	466	60
# ani_id	sprite1_id	time1	sprite2_id	time2	...
[ANIMATIONS]