# id	left	top	right	bottom	texture_id
[SPRITES]
#WALK
31001	-1	-1	16	16	50
31002	16	-1	31	16	50

#DIE
32001	32	7	47	16	50

	#paragoomba

#WALK
61001	88	0	103	15	50
61002	104	0	119	15	50

#WINGS
	#right
63001	136	2	143	13	50
63002	144	7	151	16	50
	#left
63003	544	2	551	13	110
63004	536	7	543	16	110
#DIE
62001	121	7	134	16	50

# ani_id	sprite1_id	time1	sprite2_id	time2	...
[ANIMATIONS]
5000	31001	100	31002	100
5001	32001	100

6000	61001	100	61002	100
6001	62001	100
6002	63001	200	63002	200
6003	63003	200	63004	200