# id	left	top	right	bottom	texture_id
[SPRITES]
# left up idle
190000	64	144	79	175	50

# left down idle
190010	32	144	47	175	50

# right up idle
190001	608	144	623	175	110

# right down idle
190011	640	144	655	175	110

# left down
190020	64	144	79	175	50
190021	80	144	95	175	50

# left up
190030	48	144	63	175	50
190031	32	144	47	175	50

# right up
190040	592	144	607	175	110
190041	608	144	623	175	110

# right down
190050	624	144	639	175	110
190051	640	144	655	175	110

#straight
190060	0	144	15	175	50
190061	16	144	31	175	50

# ani_id	sprite1_id	time1	sprite2_id	time2	...
[ANIMATIONS]
#right

19001	190000	10000
19002	190010	10000
19003	190030	300	190031	300
19004	190020	300	190021	300

#right
19005	190001	10000
19006	190011	10000
19007	190040	300	190041	300
19008	190050	300	190051	300

#straight
19009	190060	200	190061	200