# id	left	top	right	bottom	texture_id
[SPRITES]
# red
	#walk left
81001	96	51	111	78	50
81002	112	51	127	78	50
	#walk right
81003	560	51	575	78	110
81004	576	51	591	78	110

	# die
83001	128	48	143	63	50
	# spin
83001	128	48	143	63	50
83002	144	48	159	63	50
83003	160	48	175	63	50
83004	176	48	191	63	50
	# alive
82001	160	48	175	63	50
82002	128	48	143	63	50
# green
	# walk left
71001	0	51	15	78	50
71002	16	51	31	78	50

	# walk right
71003	656	51	671	78	110
71004	672	51	687	78	110

	#die
73001	32	48	47	63	50

	#spin 
73001	32	48	47	63	50
73002	48	48	63	63	50
73003	64	48	79	63	50
73004	79	48	96	63	50
	
	#alive
72001	32	48	48	63	50
72002	32	64	47	79	50
# ani_id	sprite1_id	time1	sprite2_id	time2	...
[ANIMATIONS]
#red
8000	81001	100	81002	100
8001	83001	100
8002	83001	50	83002	50	83003	50	83004	50
8003	82001	50	82001	50
8004	81003	100	81004	100
#green
7000	71001	100	71002	100
7001	73001	100
7002	73001	50	73002	50	73003	50	73004	50
7003	72001	50	72002	50
7004	71003	100	71004	100