# id	left	top	right	bottom	texture_id
[SPRITES]
#####  BIG ###############
#IDLE RIGHT LEFT
10001	145	18	168	51	30
10002	174	18	197	51	30

10003	82	18	105	51	30
10004	111	18	134	51	30

#WALKING RIGHT
10101	145	18	168	51	30
10102	145	134	164	167	30

#WALKING LEFT
10103	111	18	134	51	30
10104	115	134	134	167	30

#RUNNING RIGHT
10201	145	134	164	167	30
10202	169	134	186	167	30
10203	190	134	211	167	30
10204	217	134	237	167	30
10205	241	134	258	167	30

#RUNNING LEFT
10206	115	134	134	167	30
10207	93	134	110	167	30
10208	68	134	89	167	30
10209	42	134	62	167	30
10210	21	134	38	167	30

#JUMP RUN RIGHT & LEFT
10301	183	175	202	190	30
10302	206	171	221	190	30
10303	225	175	244	190	30
10304	249	171	264	190	30

10305	77	175	96	190	30
10306	58	171	73	190	30
10307	35	175	54	190	30
10308	15	171	30	190	30

#SIT RIGHT & LEFT 
10401	145	175	178	190	30
10402	101	175	134	190	30

#DIE
10501	145	199	167	215	30
10502	170	193	187	215	30
10503	191	199	213	215	30
10504	218	193	235	215	30
10505	205	174	271	215	30

10506	112	199	134	215	30
10507	92	193	109	215	30
10508	66	199	88	215	30
10509	44	193	61	215	30
10510	8	174	41	215	30

# ani_id	sprite1_id	time1	sprite2_id	time2	...

[ANIMATIONS]
#IDLE
1001	10001	100	10002	100
1002	10003	100	10004	100

#WALKING RIGHT & LEFT 
1003	10101	100	10102	100
1004	10103	100	10104	100

#RUNNING RIGHT & LEFT
1005	10201	100	10202	100	10203	100	10204	100	10205	100
1006	10206	100	10207	100	10208	100	10209	100	10210	100

#JUMP RIGHT & LEFT
1007	10301	100	10302	100	10303	100	10304	100
1008	10305	100	10306	100	10307	100	10308	100

#SIT RIGHT & LEFT 
1009	10401	1000
1010	10402	1000

#DIE
1011	10501	100	10502	100	10503	100	10504	100	10505	100
1012	10506	100	10507	100	10508	100	10509	100	10510	100
