# id	left	top	right	bottom	texture_id
[SPRITES]
	#red
# left up idle
120000	160	144	175	175	50

# left down idle
120010	128	144	143	175	50

# right up idle
120001	512	144	527	175	110

# right down idle
120011	544	144	559	175	110

# left down
120020	128	144	143	175	50
120021	144	144	159	175	50

# left up
120030	160	144	175	175	50
120031	176	144	191	175	50

# right up
120040	496	144	511	175	110
120041	512	144	527	175	110

# right down
120050	528	144	543	175	110
120051	544	144	559	175	110

# fire
120060	164	179	171	188	50
120061	180	179	187	188	50
120062	164	196	171	205	50
120063	180	196	187	205	50

	# green straight
#moving
120100	0	144	15	167	50
120101	16	144	31	167	50

# ani_id	sprite1_id	time1	sprite2_id	time2	...
[ANIMATIONS]
#right
12001	120000	10000
12002	120010	10000
12003	120030	300	120031	300
12004	120020	300	120021	300

#right
12005	120001	10000
12006	120011	10000
12007	120040	300	120041	300
12008	120050	300	120051	300

#fire
12009	120060	300	120061	300	120062	300	120063	300