# list of object assets to load in this scene
[ASSETS]
tileSets.txt
mario.txt
coin.txt
cloud.txt
brick.txt
goomba.txt
koopatroopa.txt
piranhaplant.txt
green-piranhaplant.txt
[TILEDMAP]
# apply tiled map editor

[OBJECTS]
# type	x	y	extra_settings per object type
# type: 0 = Mario , 1 = Brick, 2 = Goomba, 3 = Koopas
# See OBJECT_TYPE constants in AssetIDs.h

# MARIO
0	50	352

#goomba
2	330	400
2	608	400

2	928	352
2	960	352
#para goomba
15	1072	352

#koopatroopa
14	592	352

14	1488	384

#parakoopatropa

16	1360	288
16	1392	288
16	1424	288
#COIN

4	1072	320
4	1104	288
4	1136	256
4	1168	224
4	1200	192

4	1328	80
4	1344	80
4	1360	80

4	1472	112
4	1486	112

4	1536	128
4	1552	128
4	1568	128
4	1584	128

4	1616	80
4	1632	80
4	1648	80
4	1664	80

4	1696	144

4	1728	112

4	1760	128	

4	1808	96

4	1840	128

# hidden map

4	2176	480	
4	2176	544

4	2192	464
4	2192	528
4	2192	560

4	2208	464
4	2208	528
4	2208	560

4	2224	480
4	2224	496
4	2224	528
4	2224	544

#brick
1	1504	336
1	1520	336

1	1568	400
1	1584	384
1	1600	368

1	1696	400
1	1680	384
1	1664	368

# break brick
22	1984	368	1
22	2000	368	1
22	2016	368	2
22	2032	368	1

22	1968	384	1
22	1984	384	1
22	2000	384	1
22	2016	384	1
22	2032	384	1

22	1952	400	1
22	1968	400	1
22	1984	400	1
22	2000	400	1
22	2016	400	1
22	2032	400	1
22	2048	400	1

22	2096	384	1
22	2096	400	1
22	2112	400	1
#question brick
#7	150	400	2
7	1440	128	1

7	224	304	1
7	240	304	2

7	176	352	1
7	192	352	1

7	416	320	1

7	656	384	2

7	704	352	1

7	1472	368	2

# downbrick
9	1336	144	4
9	1432	192	4
9	1584	176	13

9	256	368	3
9	288	336	3

9	432	368	5
9	488	336	4
9	536	304	4
9	552	384	6

9	1312	384	7
9	1344	352	7
9	1376	320	7

9	2160	368	3
9	2192	272	3

9	2160	592	10

#hidden brick

1	2224	576
1	2240	560
1	2256	544
1	2272	528
1	2288	512

1	2304	498
1	2320	498
1	2336	498

#pile
11	360	376	
10 	352	368	2

21	1800	392	
10 	1792	384	1

20	1864	384	
10 	1856	368	2

10	2320	384	1
10	2256	112	11
10	2256	368	2

1	2256	368
1	2272	368

1	2256	304
1	2272	304
#Platform
#5	80	352	16	15	5	1089	1090	1091
5	0	416	16	15	39	1089	1090	1091	
5	608	400	16	15	30	1089	1090	1091
5	1152	416	16	15	22	1089	1090	1091
5	1664	416	16	15	36	1089	1090	1091
5	2256	416	16	15	36	1089	1090	1091

# board 
52	78	446