# list of object assets to load in this scene
[ASSETS]
lance.txt
enemies-stage1.txt
enemies-stage3.txt
gun.txt
soldier.txt

[TILESET]
# width|height|maxTiles|lengthTileX|lengthTileY|frame_time|textID
16	16	250	22	10	10000	210
[TILEDMAP]
# load tile map
map3_map.csv
[CAMERA]
# 0: stage1 1: stage:3
1
[OBJECTS]
# type	x	y	extra_settings per object type
# type: 0 = Mario , 1 = Brick, 2 = Goomba, 3 = Koopas
# See OBJECT_TYPE constants in AssetIDs.h

# MARIO
0	50	260

#fire
40	128	824	1	55
40	128	824	-1	55

#moving-rock
41	160	976	50
41	172	1088	50
41	172	1560	50

#fall-rock-creation
44	48	264
44	208	328
44	176	360
44	80	392
44	144	456

#hide-soldier
43	160	578
43	80	1170
43	224	1282

#boss
#49	150	150	0	0	0	0	0	0	0
#49	150	150	18	0	328	330	210	0	0
#49	150	150	34	0	308	335	215	0	0
#49	150	150	46	0	290	340	220	0	0
#48	150	150	52	0	270	345	225	0	0

#47 	150	75	0	0	0	16	2	36	32	2	40	48	2	32	62	2	20
#soldier
#20	100	150	1	0

#gun-machine2
25	240	776
25	16	936
25	16	1144
25	240	1352
25	16	1416
25	48	1496

#gun-machine1
23	224	1480

#gunbox
10	144	296	2
10	144	424	3
10	176	1288	4
10	16	1464	1

#gun-soldier
#24	320	24

#gunship
#11	258	169	1

# downbrick & land
4	0	30	16
4	160	62	6
4	128	94	6
4	96	126	8
4	0	158	8
4	160	158	6
4	32	190	4
4	128	206	10
4	0	222	4
4	192	238	4
4	64	254	6
4	0	286	8
4	32	318	12
4	0	350	4
4	192	350	4
4	32	398	2
4	128	398	8
4	32	430	4
4	0	462	8
4	160	478	6
4	0	510	16
4	0	558	4
4	0	606	8
4	64	638	12
4	32	670	4
4	128	702	8
4	32	734	6
4	0	766	4
4	0	814	16
4	192	846	4
4	160	878	6
4	0	894	4
4	128	910	6
4	32	926	4
4	0	958	4
4	192	974	4
4	32	1022	6
4	160	1022	6
4	0	1054	6
4	160	1118	2
4	128	1166	4
4	160	1198	4
4	0	1230	2
4	64	1230	6
4	128	1262	4
4	64	1310	10
4	32	1342	6
4	64	1390	6
4	192	1390	4
4	192	1422	2
4	160	1454	6
4	32	1470	6
4	0	1518	6
4	192	1598	4
4	160	1630	6
4	0	1662	14
4	128	1694	8
4	0	1710	6
4	96	1742	6
4	0	1774	8
4	160	1790	6
4	32	1822	4
4	128	1854	8
4	0	1902	14
4	0	1950	14
#deadland
9	1776	0	16	15	92