# id	left	top	right	bottom	texture_id
[SPRITES]
	#soldier right left
	#moving
20001	237	45	254	78	40
20002	218	45	233	78	40
20003	195	47	212	78	40
20004	174	45	191	78	40
20005	153	47	170	78	40

20006	51	45	68	78	40
20007	72	45	87	78	40
20008	92	47	109	78	40
20009	114	45	131	78	40
20010	134	47	151	78	40

	#jum die
20101	260	51	277	78	40

20102	28	51	45	78	40
	
	#shoot
20501	182	81	206	112	40
20502	154	46	178	78	40

20503	99	81	123	112	40
20504	127	46	151	112	40
	
	#down
20601	64	99	95	112	40

20602	210	99	241	112	40

	#gun soldier right left
	#up
20201	253	4	270	42	40
20202	232	4	249	42	40

20203	35	4	52	42	40
20204	35	4	52	42	40

	# straight
20301	206	11	229	42	40
20302	180	11	203	42	40

20303	76	11	99	42	40
20304	102	11	125	42	40

	# down
20401	154	12	177	42	40

20402	128	12	151	42	40
	
	#gun hide
	#un-active
20401	172	132	187	146	40

20401	136	132	151	146	40
	#active
20401	154	116	169	146	40

20401	118	116	133	146	40

# ani_id	sprite1_id	time1	sprite2_id	time2	...
[ANIMATIONS]
	#moving
2001	20001	100	20002	100	20003	100	20004	100	20005	100	20003	100
2002	20006	100	20007	100	20008	100	20009	100	20010	100	20008	100

2003	20101	10000
2004	20102	10000


