# id	left	top	right	bottom	texture_id
[SPRITES]
#1
1001	0	0	15	15	70
1002	16	0	31	15	70
1003	32	0	47	15	70
1004	48	0	63	15	70
1005	64	0	79	15	70
1006	80	0	95	15	70
1007	96	0	111	15	70
1008	112	0	127	15	70
1009	128	0	143	15	70
1010	144	0	159	15	70
1011	160	0	175	15	70
#2
1012	0	16	15	31	70
1013	16	16	31	31	70
1014	32	16	47	31	70
1015	48	16	63	31	70
1016	64	16	79	31	70
1017	80	16	95	31	70
1018	96	16	111	31	70
1019	112	16	127	31	70
1020	128	16	143	31	70
1021	144	16	159	31	70
1022	160	16	175	31	70
#3
1023	0	32	15	47	70
1024	16	32	31	47	70
1025	32	32	47	47	70
1026	48	32	63	47	70
1027	64	32	79	47	70
1028	80	32	95	47	70
1029	96	32	111	47	70
1030	112	32	127	47	70
1031	128	32	143	47	70
1032	144	32	159	47	70
1033	160	32	175	47	70
#4
1034	0	48	15	63	70
1035	16	48	31	63	70
1036	32	48	47	63	70
1037	48	48	63	63	70
1038	64	48	79	63	70
1039	80	48	95	63	70
1040	96	48	111	63	70
1041	112	48	127	63	70
1042	128	48	143	63	70
1043	144	48	159	63	70
1044	160	48	175	63	70
#5
1045	0	64	15	79	70
1046	16	64	31	79	70
1047	32	64	47	79	70
1048	48	64	63	79	70
1049	64	64	79	79	70
1050	80	64	95	79	70
1051	96	64	111	79	70
1052	112	64	127	79	70
1053	128	64	143	79	70
1054	144	64	159	79	70
1055	160	64	175	79	70
#6
1056	0	80	15	95	70
1057	16	80	31	95	70
1058	32	80	47	95	70
1059	48	80	63	95	70
1060	64	80	79	95	70
1061	80	80	95	95	70
1062	96	80	111	95	70
1063	112	80	127	95	70
1064	128	80	143	95	70
1065	144	80	159	95	70
1066	160	80	175	95	70
#7
1067	0	96	15	111	70
1068	16	96	31	111	70
1069	32	96	47	111	70
1070	48	96	63	111	70
1071	64	96	79	111	70
1072	80	96	95	111	70
1073	96	96	111	111	70
1074	112	96	127	111	70
1075	128	96	143	111	70
1076	144	96	159	111	70
1077	160	96	175	111	70
#8
1078	0	112	15	127	70
1079	16	112	31	127	70
1080	32	112	47	127	70
1081	48	112	63	127	70
1082	64	112	79	127	70
1083	80	112	95	127	70
1084	96	112	111	127	70
1085	112	112	127	127	70
1086	128	112	143	127	70
1087	144	112	159	127	70
1088	160	112	175	127	70
#9
1089	0	128	15	143	70
1090	16	128	31	143	70
1091	32	128	47	143	70
1092	48	128	63	143	70
1093	64	128	79	143	70
1094	80	128	95	143	70
1095	96	128	111	143	70
1096	112	128	127	143	70
1097	128	128	143	143	70
1098	144	128	159	143	70
1099	160	128	175	143	70
#10
1100	0	144	15	159	70
1101	16	144	31	159	70
1102	32	144	47	159	70
1103	48	144	63	159	70
1104	64	144	79	159	70
1105	80	144	95	159	70
1106	96	144	111	159	70
1107	112	144	127	159	70
1108	128	144	143	159	70
1109	144	144	159	159	70
1110	160	144	175	159	70
#11
1111	0	160	15	175	70
1112	16	160	31	175	70
1113	32	160	47	175	70
1114	48	160	63	175	70
1115	64	160	79	175	70
1116	80	160	95	175	70
1117	96	160	111	175	70

# ani_id	sprite1_id	time1	sprite2_id	time2	...
[ANIMATIONS]
1	1001	1000000
2	1002	1000000
3	1003	1000000
4	1004	1000000
5	1005	1000000
6	1006	1000000
7	1007	1000000
8	1008	1000000
9	1009	1000000
10	1010	1000000
11	1011	1000000
12	1012	1000000
13	1013	1000000
14	1014	1000000
15	1015	1000000
16	1016	1000000
17	1017	1000000
18	1018	1000000
19	1019	1000000
20	1020	1000000
21	1021	1000000
22	1022	1000000
23	1023	1000000
24	1024	1000000
25	1025	1000000
26	1026	1000000
27	1027	1000000
28	1028	1000000
29	1029	1000000
30	1030	1000000
31	1031	1000000
32	1032	1000000
33	1033	1000000
34	1034	1000000
35	1035	1000000
36	1036	1000000
37	1037	1000000
38	1038	1000000
39	1039	1000000
40	1040	1000000
41	1041	1000000
42	1042	1000000
43	1043	1000000
44	1044	1000000
45	1045	1000000
46	1046	1000000
47	1047	1000000
48	1048	1000000
49	1049	1000000
50	1050	1000000
51	1051	1000000
52	1052	1000000
53	1053	1000000
54	1054	1000000
55	1055	1000000
56	1056	1000000
57	1057	1000000
58	1058	1000000
59	1059	1000000
60	1060	1000000
61	1061	1000000
62	1062	1000000
63	1063	1000000
64	1064	1000000
65	1065	1000000
66	1066	1000000
67	1067	1000000
68	1068	1000000
69	1069	1000000
70	1070	1000000
71	1071	1000000
72	1072	1000000
73	1073	1000000
74	1074	1000000
75	1075	1000000
76	1076	1000000
77	1077	1000000
78	1078	1000000
79	1079	1000000
80	1080	1000000
81	1081	1000000
82	1082	1000000
83	1083	1000000
84	1084	1000000
85	1085	1000000
86	1086	1000000
87	1087	1000000
88	1088	1000000
89	1089	1000000
90	1090	1000000
91	1091	1000000
92	1092	1000000
93	1093	1000000
94	1094	1000000
95	1095	1000000
96	1096	1000000
97	1097	1000000
98	1098	1000000
99	1099	1000000
100	1100	1000000
101	1101	1000000
102	1102	1000000
103	1103	1000000
104	1104	1000000
105	1105	1000000
106	1106	1000000
107	1107	1000000
108	1108	1000000
109	1109	1000000
110	1110	1000000
111	1111	1000000
112	1112	1000000
113	1113	1000000
114	1114	1000000
115	1115	1000000
116	1116	1000000
117	1117	1000000

